0 0 0 0
0 0
0.158431176615 0.558431176615
0.569858109692 0.669858109692
0.578378866773 0.678378866773
0.299130581808 0.399130581808
0.261002464578 0.361002464578
0.306553965688 0.406553965688
0.503003623178 0.703003623178
0.562179624584 0.762179624584
0.516526356349 0.716526356349
0.580211214404 0.780211214404
0.553236356073 0.753236356073
0.373137250534 0.673137250534
0.256031435434 0.556031435434
0.272261712844 0.572261712844
0.423051818697 0.723051818697
0.405294851398 0.705294851398
0.371767617675 0.771767617675
0.391268571769 0.791268571769
0.36090780531 0.76090780531
0.377114295499 0.777114295499
0.393874228211 0.793874228211
0.393576717129 0.793576717129
0.418440861036 0.9
0.417786745252 0.9
0.400720939296 0.9
0.379842869215 0.879842869215
0.406210603666 0.9
0.35456649127 0.65456649127
0.548691001651 0.648691001651
0.397190929917 0.497190929917
0.541388071326 0.641388071326
0.405779454599 0.505779454599
0.464630215 0.564630215
