-0.730639889506 -0.972519902568 -1.75912124554 -0.591383876351 -0.632077951235 -1.84827709798 -0.919911729243 -1.21795539924 -0.495079900709 -1.49450733503 -0.310759400998 
-0.88380989309 -1.68369167056 -1.76800729705 -0.170722109044 -1.32594807685 -1.03487104226 -0.837302707003 -1.44913383845 -0.88610633579 -1.4408877056 -0.1511791887 
-1.00315600824 -0.259022974449 -1.19002875325 -0.594938042949 -1.53999661877 -1.22182581309 -0.877132651472 -1.5006914132 
-1.69593073128 -1.19750122561 -1.12224829798 -0.269353659496 -1.11069275192 -0.931559205539 -0.981672664137 
-1.99394276952 -1.49716619107 -0.683274644183 -0.681944563799 -2.32975668096 -0.970308181312 -1.49566303782 -1.77964958488 
-1.10184432291 -1.29481053717 -1.46658265395 -0.571247447229 -0.153765424181 -0.932047287329 -0.963887078652 -0.825263349519 
-1.91862126147 -1.84940582586 -0.471874770025 -1.31650501124 -0.975953588084 -0.220251402059 
-1.54165803117 -1.31196796602 -0.405459830964 -1.47607808365 -1.00341159911 -0.0926785469463 
-1.57611557809 -1.24327234142 -0.54656990209 -1.23089604642 -1.39995572082 -0.495979674206 
-1.50822866525 -1.37269117398 -0.0308582954423 -0.458592271776 -0.805884453613 -1.40979901272 -1.54465528637 -0.445389948061 
-1.25101396881 -1.0145699874 -0.679412668281 -0.38841742299 -1.33945915421 
-0.307245714245 -1.59965349008 -1.39704728321 -0.00188432680703 -0.194449823232 -0.112415460985 -3.30389241991 -0.0411548355858 
-1.43293752202 -1.41090081557 -0.602551988678 -0.360059136275 -1.61312593883 
-1.54782151706 -1.40278190551 -0.281501852641 -0.960789531174 -0.977642277071 
-1.83712248483 
-2.10608123498 -0.368241031937 -0.607518382505 
-0.230625149688 -1.7132721722 -1.42620826229 
-0.383444910724 -1.49173363135 -1.3906256355 -0.456372457065 -2.12941570211 
-0.476856672302 -1.62209078575 -1.44951943917 
-1.59930581811 -1.11305753986 
-2.05030929263 -0.927985744981 
-2.114885013 -1.46328062203 
-0.339982995766 -1.94547398035 -1.64886580732 
-0.214783268502 -1.67103552913 -1.04550648168 -1.95873266335 
-0.363129824624 -1.6585234119 -1.52607487315 -1.78903322267 -0.890417919751 -1.06181842111 -1.82255570964 -1.40671505943 -1.07495710055 -1.19191778195 -1.28166642532 -1.85735737323 -1.35346220866 -0.0575389824871 -0.980183400664 -0.267732175175 -0.730913751154 -1.21108722645 -1.47270391099 -2.09056104143 
-1.23649316695 -1.2582107644 -0.298021959373 -0.980708225556 -0.939360492537 -1.23260753923 -1.51230516231 -0.559562292692 
-1.36430441675 -1.31598942942 -0.0361172765875 -0.641030197317 -1.6185948074 -0.867340472141 -0.743444517499 -2.17580577694 -0.957060791009 -1.44541276792 -0.161355065535 
-1.13542333947 -1.193208965 -0.366276750265 -1.06243777848 -0.591870799616 -1.33385311887 -1.34960401749 -1.45953914507 -1.64132080304 -0.613949807154 
-1.69735690449 -1.44257875892 -1.07413655375 -1.39375070205 -1.56737124613 -1.52579758161 -0.90274791526 -1.15930490858 -0.365968350822 
-1.82865976157 -1.23403511996 -0.308531915244 -1.0096197289 -0.761489450546 -0.806893287199 -1.07089527759 -1.66398778322 -0.960936282362 -1.23745355512 -0.632225717212 
-1.8672983612 -1.4359346414 -1.64176716496 -0.878109407933 -2.7583845507 -1.1689921771 -1.41346626932 -1.30277238594 -1.0905999844 -0.0230370562935 
-1.31121863807 -1.41688653271 -0.721220239664 -0.72307313315 -1.71345507394 -1.18435845169 -1.5976694824 -2.58401035204 -1.31343183341 
