5.98747230575 0.108456831258 8.2798821597 11.3456710864 11.2373697766 7.02092609066 
5.78543650734 0.172234590208 10.7524567745 12.1067793814 11.795534475 
5.71713501898 0.733837556966 11.4072279274 11.4887058185 7.86074300522 
5.79547413477 11.4409528399 11.6224999425 0.216816192556 
5.80970706261 0.5029254613 6.01483412654 11.5701572974 11.3430483705 
5.80569264511 0.646861714928 6.73859988112 11.5975819965 11.9439907971 12.6022900402 11.8208386675 
5.77152385571 0.326263776515 10.632058006 11.2468492433 12.1701349928 12.6198186938 9.14235936579 
5.77059990643 0.320236184787 7.08844868673 11.4050120096 11.3365157944 11.8543694417 12.2037721607 8.51706025437 
5.81960051941 0.217710301824 8.62623553368 11.0808470551 11.5233136746 12.2358324712 12.5390363352 3.68997990009 
5.76901578527 9.11484531712 11.4263693662 11.7596868358 12.198457874 11.8009851162 
5.79689520688 11.262955256 11.657619836 11.9715659615 12.4800258947 12.302693219 12.1366802469 8.57127622142 0.494962436236 0.293840352548 
6.01834969207 10.4393323787 11.0309206259 11.3700114883 11.4961420968 12.0823453098 12.1185688882 12.1597017073 12.1408847625 6.15716860939 1.34005458501 
5.90620759901 10.4663470672 11.7522886367 12.1528319728 12.5464349706 12.7797657794 11.9177564172 1.65162255763 1.6881564453 1.34325497439 1.89280295114 0.912221681654 
5.8224090426 8.16314759479 11.4814911218 11.4425098375 11.7205940717 12.0606184708 11.9766190461 12.1762229581 11.6805890116 0.0857579365286 0.599182802573 
5.80866675989 10.977934403 11.5941495305 12.0764638548 12.2659066037 12.24136681 12.2053572457 8.1221121229 0.134548947814 
5.70698518551 5.88030518948 11.7349665168 11.7688458254 12.0495511836 12.6197328111 12.3928826821 12.2513347948 12.5122409599 11.4177193805 1.25259683181 0.26950398219 1.0176992682 
5.63747565529 10.2120660023 11.632414473 12.0671617496 12.3383173842 12.6687878004 12.4478553507 12.4828038779 12.610067514 1.33002870429 0.0905392443028 
5.77704569813 8.12536045753 11.2538396832 10.9669988169 11.5622710592 12.0219677734 11.9755579844 12.0062696359 12.1275386623 11.8787280371 11.8689261101 11.9652757554 10.4351750399 5.0503974985 5.30221431653 2.54584823553 1.76428434448 
5.99095759024 0.929711854098 11.4567433361 11.0704118238 11.6025782109 12.0311905689 12.1591968414 12.122865938 12.1675879871 12.0364350057 11.956293373 12.0727872614 7.8017239693 0.522087646188 
6.05023297708 1.58522178188 11.3970699546 10.9710034443 11.6567184222 12.5548116665 12.5570597134 12.6006701437 12.7212463118 12.7778941474 8.63935638097 0.283956807962 0.909003658263 
5.77658665688 10.907667162 11.6000817679 12.1145878564 12.5701816525 12.4122574718 12.3506994548 12.5196550047 12.6986674737 12.7660653849 7.73170218526 0.88553407657 
5.53868011789 11.9017315708 11.9399738144 12.3584748444 12.7029848139 12.3469153412 12.4313683338 12.6987813658 12.7442085261 11.6473093949 0.391667606027 0.154307068757 
5.57453584186 11.150444634 11.4464920949 11.4842109967 11.8188109622 11.8646370575 11.9752628641 12.051137369 12.1296262011 12.1999541486 12.1645076232 11.8326376175 11.9204272242 11.7915062185 6.46262913087 6.20507880563 
6.02141507134 6.49672674011 11.3662822067 11.3330665339 12.28762674 12.3036358016 12.6999778219 12.5952486389 12.4995137808 12.5953517237 11.9903025713 12.5442589145 5.87495444066 4.92045059192 
5.90662112729 9.87980253634 11.0791039579 11.4287978661 11.9908564438 12.0363993243 12.1822834558 12.1564454506 11.9843439198 11.8938754968 11.9989782708 12.0582781838 12.0362130957 12.1352252418 11.5586954568 11.3294074887 11.366799986 
5.90279414201 0.502651925819 7.49029507444 11.3609274685 11.0441697828 8.97075604972 5.87326929248 11.0965279977 11.4791205837 9.38851571424 0.167053663234 
5.90892799744 10.8375967255 11.6541535179 7.12697076291 
