(163, 23.0, 265.42789826865896, 0.151068809487, 221.42090655245497)
(103, 4.0, 159.4431580590646, 0.0907473864878, 151.5435073007302)
(139, 72.0, 1057.873552816843, 0.602090809799, 918.7739494532806)
(175, 8.0, 54.0067093149696, 0.0307380246528, 39.19174726325023)
(151, 16.0, 99.7616320798132, 0.0567795287876, 70.32774887905713)
(575, 1499.0, 41.7798096426963, 0.0237790606959, 50825.762523697675)
(571, 129.0, 0.657949758153002, 0.000374473396786, 25034.862702161514)
(127, 6.0, 77.82997347477169, 0.0442970822281, 66.29252020828264)
(577, 0, 0.21931658605041499, 0.000124824465595, 0.21931658605041499)
################ Normal chi square ################ 
('Window: ', 19)
(77328.39492210229, 9, 1757)
