54.073147773742676 67.53949165344238
51.74917459487915 65.59884929656982
22.340594053268433 34.94732737541199
28.784937858581543 37.766958475112915
41.76950979232788 55.02132844924927
43.179271936416626 64.17377138137817
40.10381603240967 61.380534648895264
37.73296546936035 61.84756660461426
41.80019187927246 66.18599963188171
41.87847948074341 64.62464809417725
28.864107608795166 61.68440079689026
35.662606716156006 78.71290516853333
24.887330532073975 53.855180501937866
31.458606481552124 70.12141227722168
29.105716705322266 60.97740173339844
26.991562128067017 68.92383337020874
24.8575496673584 65.32192969322205
37.7495481967926 97.16171002388
39.066603899002075 95.46314406394958
39.14317035675049 83.57331991195679
29.30364966392517 76.60656881332397
27.647616386413574 73.45268130302429
28.784292936325073 98.78349733352661
38.48964023590088 93.88870763778687
41.77028822898865 114.2952492237091
34.35752582550049 50.196308612823486
36.54567551612854 49.01470899581909
28.923285007476807 39.85961699485779
32.0304970741272 32.03050518035889
32.89720368385315 38.744853019714355
43.18498778343201 48.80182361602783
